0	1050
1	229
2	229
3	467
4	1228
5	229
6	94
7	7
8	971
8	1620
9	63
10	1056
10	1514
10	1530
10	1701
11	935
12	1877
13	330
14	490
14	504
14	537
14	1056
14	1375
14	1400
14	1651
14	1912
15	731
15	806
15	1133
15	1186
16	394
16	504
16	1400
16	1804
17	1022
18	135
19	370
19	627
19	1645
19	1657
20	370
20	627
20	1225
21	1606
22	420
22	1282
22	1637
23	267
23	813
24	594
25	1347
26	123
26	388
27	1076
28	617
29	29
30	30
30	31
30	82
30	372
30	488
30	553
30	596
30	707
30	748
30	866
30	1051
30	1057
30	1096
30	1103
30	1352
30	1377
30	1443
30	1498
30	1646
30	1660
30	1674
30	1741
30	1876
30	1987
30	2001
31	31
31	1051
32	140
32	203
33	33
33	688
33	1987
34	577
35	359
36	36
37	520
38	889
39	1221
40	1024
41	515
41	1883
42	514
42	1017
43	752
43	1856
44	382
44	511
44	1292
44	1356
44	1572
44	1910
44	1954
45	1558
46	220
46	823
46	1406
47	47
47	1611
47	2006
48	1609
49	669
49	1114
49	1186
50	1131
51	574
52	71
52	371
53	2016
54	1640
55	203
55	854
56	995
56	1244
57	357
58	1560
59	310
59	650
59	1356
59	1629
60	1775
61	1721
62	372
64	64
65	942
65	1648
65	1683
65	1727
66	304
67	817
68	514
68	1017
68	1431
68	1892
69	1441
70	1649
71	634
71	1074
71	1651
72	785
72	1415
72	1762
73	1465
74	74
74	477
74	1158
75	75
76	1012
76	1017
77	1338
78	826
78	969
79	1983
80	183
81	295
82	594
83	344
84	1411
84	1974
85	658
86	186
86	414
86	571
86	683
86	739
86	871
86	1024
86	1034
86	1046
86	1907
87	87
87	620
87	743
87	1423
88	88
88	161
88	330
88	1447
88	1637
89	839
89	1217
89	1474
90	90
90	161
90	965
90	1025
90	1356
90	1637
90	1668
90	1888
91	424
91	1115
92	528
93	1345
93	1750
95	1400
96	860
96	871
96	987
96	1145
96	1494
96	1918
97	492
97	520
97	697
97	919
98	194
98	480
98	815
99	708
100	1339
100	1888
101	843
102	1400
103	357
104	104
104	1461
104	1555
105	1017
106	106
107	714
108	296
108	736
109	229
109	1789
110	119
110	156
110	297
110	604
110	801
110	1990
111	111
111	1447
111	1488
111	1637
112	471
112	702
113	1729
113	1804
114	788
115	115
116	641
117	594
118	1931
120	1892
121	121
121	1356
122	281
122	310
122	777
124	124
124	1376
124	1447
124	1637
124	1888
125	611
125	1400
126	161
126	1279
127	1694
128	490
128	1225
128	1299
128	1514
129	1299
130	575
130	716
130	800
130	1359
131	1497
131	1997
132	1271
132	1953
133	749
134	710
135	1072
136	1431
137	1017
137	1984
138	304
138	1923
139	1420
140	942
140	1400
140	1524
140	1911
141	1190
141	1375
142	233
143	528
144	1305
145	145
145	161
145	380
145	511
145	713
145	975
145	1180
145	1356
145	1565
145	1599
145	1668
146	241
146	355
147	358
148	1906
149	514
149	1012
149	1017
150	150
151	1017
152	223
152	1299
152	1375
153	532
154	1201
155	528
156	156
156	1356
156	1637
157	1511
158	510
158	1235
159	985
160	427
160	620
160	838
160	1483
160	1606
161	178
161	193
161	344
161	372
161	434
161	595
161	654
161	684
161	794
161	862
161	876
161	906
161	917
161	918
161	919
161	973
161	1068
161	1084
161	1088
161	1198
161	1249
161	1293
161	1339
161	1406
161	1439
161	1477
161	1506
161	1592
161	1654
161	1747
161	1776
161	1780
161	1809
161	1833
161	1883
161	1887
161	1890
161	1987
162	1861
163	435
163	599
163	983
163	1224
163	1400
163	1549
163	1593
163	1901
163	1944
164	310
164	488
165	1342
165	1552
166	594
167	381
168	1786
169	295
169	1667
170	329
170	1435
171	859
172	1904
173	401
174	436
174	437
175	436
175	528
175	634
176	1892
177	1228
178	178
178	212
178	817
178	896
178	1166
178	1356
178	1441
178	1637
178	1668
178	1737
178	1739
178	1753
178	1888
179	569
180	344
180	1380
180	1400
181	1186
181	1726
182	1518
183	183
183	530
183	1460
183	1637
184	711
185	1628
186	683
186	739
187	298
187	389
187	971
187	1081
187	1621
187	1763
188	741
188	1819
189	1400
190	515
190	908
190	1883
191	344
192	192
193	278
193	301
193	1234
193	1501
193	1876
194	480
194	611
194	1547
195	1628
196	196
196	1356
197	557
197	988
197	1159
198	514
199	238
200	1499
201	1655
202	1727
204	920
205	723
206	1853
207	238
208	632
209	667
209	1821
210	821
211	486
211	1073
212	896
212	1190
213	487
213	1745
213	1997
214	1441
215	691
215	1789
216	1789
217	1012
217	1017
217	1613
218	817
218	1266
219	1637
220	289
220	306
220	1059
221	575
221	1756
222	223
222	504
223	223
223	262
223	354
223	501
223	595
223	606
223	620
223	733
223	822
223	996
223	1055
223	1218
223	1225
223	1235
223	1356
223	1671
223	1712
223	1826
223	1831
224	1242
225	1833
226	474
227	1608
228	228
229	422
229	564
229	757
229	790
229	816
229	927
229	1020
229	1043
229	1063
229	1493
229	1520
229	1633
229	1879
229	1942
229	1948
229	1962
230	286
230	1501
231	598
231	722
231	1283
232	939
232	1441
233	396
234	548
235	393
235	670
235	894
235	932
235	1001
235	1037
235	1855
236	528
236	609
236	1125
236	1510
237	1017
237	1847
238	299
238	548
238	673
238	798
238	1048
238	1165
238	1699
238	1752
239	389
240	1946
242	342
243	1872
244	1386
245	789
246	830
247	528
248	1534
249	1034
249	1293
249	1883
250	476
250	1905
251	528
252	805
252	845
252	1288
252	1488
252	1525
253	736
254	1334
254	1392
254	1545
254	1695
255	404
255	563
255	638
255	864
255	1629
256	1431
257	610
258	1293
259	842
259	1374
259	1977
260	260
260	528
260	589
260	713
260	1215
261	1432
261	1522
262	262
262	425
262	1369
262	1421
262	1574
262	1958
263	1156
263	1228
263	1519
264	1191
265	541
266	788
267	279
267	449
267	529
267	533
267	570
267	623
267	723
267	770
267	835
267	871
267	900
267	925
267	944
267	971
267	999
267	1069
267	1199
267	1247
267	1360
267	1462
267	1625
267	1639
267	1703
267	1711
267	1737
267	1740
267	1801
267	1973
268	1950
269	1714
270	1441
271	718
271	1585
272	1154
272	1773
273	823
274	1027
275	378
275	1238
276	1483
277	1359
278	372
278	1498
280	876
281	310
281	650
281	709
281	1495
281	1629
282	391
283	1148
283	1354
283	1374
284	1347
284	1744
285	1228
287	920
287	1480
287	1961
288	1335
289	723
290	290
290	367
290	1356
291	1178
292	1125
293	1286
294	1223
295	1665
296	635
296	679
296	730
296	993
296	1543
297	1901
299	544
299	830
299	1750
300	1782
301	372
301	689
301	1592
302	765
302	1148
303	584
303	1676
305	594
307	1228
308	1480
308	1961
309	515
309	989
309	1320
309	1883
310	650
310	1560
311	986
311	1325
312	780
312	1862
312	1901
313	610
314	407
315	528
315	905
315	1315
315	1618
316	1258
317	750
318	527
318	1892
319	1403
319	1963
320	1479
321	920
322	686
323	363
324	587
325	610
325	740
325	827
325	1068
325	1241
325	1741
325	1848
325	1987
325	2013
326	1266
327	327
327	1637
328	1995
330	392
330	401
330	441
330	532
330	723
330	863
330	945
330	1186
330	1225
330	1289
330	1293
330	1400
330	1439
330	1686
330	1730
330	1841
330	1847
330	1866
330	1883
330	1888
330	1901
330	1944
331	331
331	1146
332	1349
333	1228
334	360
335	594
336	1125
337	520
337	1992
338	457
338	693
338	803
338	1226
339	371
340	340
340	1686
341	1400
342	377
343	644
344	344
344	1356
345	583
345	803
346	723
346	1195
346	1391
347	347
347	361
348	504
348	989
349	349
350	350
350	1356
351	1400
352	1653
353	1979
355	384
355	1225
356	638
358	1448
359	572
360	600
362	872
362	996
362	1050
363	1267
364	716
364	728
364	740
365	1400
366	1972
368	1322
369	700
370	697
370	745
371	1203
371	1316
371	1591
371	1948
372	372
372	514
372	603
372	829
372	846
372	914
372	1054
372	1149
372	1295
372	1390
372	1431
372	1466
372	1478
372	1501
372	1637
372	1638
372	1641
372	1674
372	1781
372	1876
372	1892
372	1893
372	1894
372	1907
372	1934
372	2008
373	594
374	926
375	1497
376	850
378	797
379	1195
381	1037
382	1726
383	1441
383	1735
385	1325
386	386
386	636
386	873
386	941
386	1088
386	1130
386	1874
387	1204
387	1400
388	995
388	1698
389	723
389	852
389	936
389	998
389	1506
390	1388
391	463
391	1441
392	528
392	671
392	1151
392	1604
394	828
395	1400
397	1403
397	1424
397	1468
398	398
398	504
398	528
398	1727
399	1486
399	1487
400	400
400	528
400	959
400	1242
400	1424
400	1637
400	1981
401	504
401	1400
402	1979
403	1231
403	1479
405	1276
406	1940
407	594
408	594
409	723
410	1490
410	1620
411	993
411	1226
411	1239
411	1637
412	1125
413	1696
414	580
414	1025
414	1750
414	1767
415	1726
415	1855
416	1334
417	1277
417	1833
417	1883
418	1025
418	1532
418	1717
418	1941
419	1222
419	1920
421	1121
423	1228
424	1115
424	1488
424	1590
424	1907
425	1834
426	484
428	1400
429	429
430	586
430	1439
430	1592
431	1079
432	814
433	1197
434	434
434	723
434	1356
434	1484
434	1637
434	1888
435	451
435	735
435	783
435	997
435	1179
435	1400
435	1412
435	1604
436	436
436	437
438	930
438	1628
438	1778
439	923
440	1789
441	672
441	1441
442	1412
443	1308
444	444
444	514
444	1017
444	1613
444	1892
444	1972
445	1199
445	1525
446	611
446	1386
446	1883
447	613
448	448
450	716
450	1441
450	1745
450	1804
451	806
451	1160
451	1186
451	1355
451	1400
451	1564
451	1726
452	1994
453	1906
454	1422
455	1134
455	1345
455	1368
455	1773
456	1637
457	1239
458	458
459	705
460	565
460	983
461	636
461	965
461	1347
461	1378
461	1381
461	1402
461	1454
461	1554
462	528
462	863
462	1243
462	1744
463	1357
464	1566
465	798
465	842
465	915
466	698
466	1400
466	2012
467	595
467	695
467	890
467	1112
467	1477
467	1902
467	1930
468	1123
469	1258
470	592
472	723
472	1661
473	1400
473	1701
474	1009
475	621
475	1406
478	1364
478	1441
478	1637
479	1584
479	1990
480	692
480	701
480	735
480	1606
480	1807
480	1889
481	1125
482	848
482	1785
483	483
483	626
484	1505
485	485
487	716
487	1804
488	514
488	1023
488	1431
489	1990
490	811
490	837
490	871
490	945
490	1108
490	1185
491	508
493	920
494	556
494	1488
495	519
496	728
496	740
496	1027
496	1132
497	1356
498	638
498	1521
498	1858
498	1895
499	1892
500	1012
502	1427
503	528
504	571
504	817
504	837
504	857
504	859
504	871
504	890
504	1021
504	1034
504	1089
504	1401
504	1438
504	1572
504	1889
504	1900
504	1907
504	2007
505	963
505	1430
505	1637
506	1359
507	1957
508	558
509	902
509	1270
509	1403
510	1235
511	1400
511	1651
511	1872
511	2010
512	514
512	952
512	1017
512	1023
513	580
513	711
513	742
514	553
514	596
514	689
514	694
514	707
514	820
514	866
514	881
514	1051
514	1057
514	1062
514	1079
514	1251
514	1280
514	1348
514	1369
514	1377
514	1443
514	1471
514	1478
514	1498
514	1660
514	1706
514	1708
514	1722
514	1864
514	1876
514	1987
514	2001
515	515
515	773
515	899
515	908
515	922
515	1034
515	1089
515	1208
515	1356
515	1637
515	1883
516	681
516	1830
517	1318
518	1637
519	926
519	1919
520	669
520	1041
520	1434
520	1889
521	793
521	951
521	1018
521	1418
522	1023
523	523
523	1317
523	1902
524	1192
525	1040
526	713
528	528
528	584
528	648
528	651
528	680
528	758
528	929
528	948
528	1050
528	1121
528	1161
528	1167
528	1213
528	1344
528	1359
528	1370
528	1373
528	1377
528	1428
528	1510
528	1541
528	1548
528	1582
528	1591
528	1600
528	1602
528	1637
528	1714
528	1760
528	1794
528	1904
531	919
532	532
532	859
532	1055
532	1104
532	1225
532	1356
532	1738
534	1813
535	920
536	536
537	659
537	993
537	1278
538	1637
539	1275
540	698
540	1601
541	933
541	1881
542	1356
543	1125
544	544
544	605
544	1345
544	1616
544	1750
544	1802
545	545
546	1789
547	547
549	1690
550	895
551	904
552	1107
553	1017
553	1892
554	1801
555	773
555	1540
556	806
556	1804
557	1760
557	1965
559	1254
559	1869
560	1433
561	1793
561	1944
562	562
562	1447
562	1637
566	566
567	567
568	591
568	1293
569	693
571	1159
571	1512
573	1377
574	1985
575	901
575	1190
575	1420
575	1668
576	576
576	1356
576	1917
578	1090
578	1329
579	2008
580	711
581	1428
582	696
583	643
584	793
584	1161
584	1714
585	585
585	1034
585	1622
586	723
586	1439
587	1045
587	1321
587	1878
588	1927
590	1637
592	1003
592	1323
593	1628
594	594
594	973
594	1488
594	1595
594	1844
594	1939
594	1991
594	1993
595	595
595	1356
595	1569
595	1798
595	1888
596	1012
596	1017
596	1394
597	1116
597	1213
598	1283
598	1400
600	600
600	1929
601	920
602	1205
602	1721
602	1724
603	1498
604	638
605	1025
605	1522
607	1488
608	1406
610	610
610	1501
610	1674
611	863
611	928
611	1024
611	1312
611	1356
611	1389
611	1553
611	1559
611	1575
611	1846
611	1867
612	950
612	1872
613	1400
614	1318
614	2007
615	1441
616	1255
616	1405
617	1652
618	942
619	619
619	1145
620	980
620	1356
620	1483
621	1059
621	1406
621	1624
622	1514
624	1700
625	806
627	860
628	1203
628	1316
629	629
629	983
630	680
630	696
630	1883
631	1195
632	632
633	1883
636	636
637	1356
637	1441
637	1560
637	1637
637	1966
638	638
638	1720
638	1859
639	919
639	1225
639	1797
640	920
641	1323
642	909
644	1966
645	1006
645	1148
645	1715
646	1827
647	1590
647	1861
648	648
648	676
648	1356
648	1504
648	1623
648	1637
648	1841
649	766
652	1204
653	1640
654	654
654	655
654	1506
654	1507
654	1577
654	1637
654	1678
654	1679
654	1888
655	1506
655	1507
655	1678
656	1637
657	806
657	1429
657	1522
659	1481
659	1490
659	1745
659	1782
659	1962
660	660
660	1064
660	1342
661	2014
662	735
662	863
662	1176
662	1606
662	1765
662	2005
663	1023
664	1653
665	665
666	1125
667	1472
667	1503
668	2002
669	1959
670	670
670	1261
670	1637
671	1767
672	1141
674	687
674	848
675	675
676	1365
677	785
678	1742
679	1742
682	950
684	684
684	1637
684	1888
685	685
685	1447
685	1637
686	1494
686	1558
688	688
688	1426
689	829
689	1431
689	1501
689	1674
689	1769
689	1876
689	2008
690	1017
691	1274
692	1744
693	803
693	1226
697	843
697	1008
698	803
699	1400
701	1401
701	1614
701	1751
703	1171
704	1159
705	1711
706	1021
707	1017
708	708
710	1549
710	1552
710	1816
711	742
711	1056
711	1356
711	1627
711	1911
712	1025
713	713
713	975
713	979
713	1224
713	1316
713	1324
713	1552
713	1580
713	1739
714	1159
714	1666
715	1915
716	1400
716	1745
716	1767
716	1789
716	1804
716	2004
717	1937
718	1878
719	1233
720	1497
721	1659
721	1982
722	1855
723	723
723	1013
723	1356
723	1556
723	1592
723	1601
723	1732
723	1748
723	1806
723	1982
724	760
724	1789
725	1156
726	1186
726	1726
726	1727
727	1297
728	740
729	1070
729	1219
729	1256
729	1419
729	1637
729	1813
729	1816
730	1488
731	805
731	1590
731	1601
732	1004
733	733
733	1114
733	1356
733	1410
733	1637
734	2015
735	830
735	854
735	937
735	943
735	989
735	1531
735	1618
735	1873
735	1883
736	743
736	1439
737	920
737	1255
737	1405
738	1382
738	1465
740	1893
741	994
743	1464
744	1405
745	1283
746	746
746	1447
746	1637
747	1449
748	920
748	1012
748	1017
748	1892
748	1972
749	1022
749	1025
749	1077
749	1087
749	1530
749	1771
749	1961
750	1188
750	1799
751	1311
752	819
752	1298
752	1400
752	1767
752	1856
753	1357
753	1637
753	1653
753	1808
754	1228
755	1246
756	1385
758	1290
758	1410
758	1496
758	1510
758	1759
759	759
759	1356
760	776
760	953
760	1764
761	1744
762	1958
763	763
763	1370
763	1407
763	1637
764	1152
765	993
765	1022
765	1025
765	1932
766	1289
766	1393
767	902
768	768
768	918
768	976
768	1184
768	1356
768	1637
768	1897
769	793
769	1872
771	1401
772	1017
772	1431
773	908
773	1883
774	774
775	1653
776	1225
777	1936
778	865
779	986
779	1154
780	780
780	815
780	1297
780	1593
780	1777
780	1826
781	1386
782	1457
784	1738
786	1034
787	1206
788	1441
791	806
792	1356
793	1195
793	1872
794	1356
794	1701
795	985
796	796
798	1055
798	1162
798	1176
798	1460
798	1488
798	1940
799	878
802	920
803	993
803	1226
803	1400
803	1401
804	1653
805	1029
805	1173
805	1400
805	1549
806	806
806	871
806	993
806	1356
806	1400
806	1479
806	1601
806	1689
806	1796
806	1854
806	1889
806	1982
806	2015
806	2016
807	1017
808	1275
808	1460
809	1190
810	1478
812	849
812	1892
814	1095
815	1637
815	1807
817	1139
817	1401
817	1477
818	818
818	967
818	1356
818	1637
819	1441
820	1635
823	1375
824	1171
825	1217
827	1660
827	1893
829	1422
829	1498
829	1592
829	1660
830	845
830	922
830	1687
831	1364
832	1819
832	1820
833	1873
834	1758
836	1637
837	1225
837	1713
840	988
840	1204
840	1391
840	1673
841	1573
842	1177
843	1785
844	929
845	1196
845	1420
845	1488
845	1514
845	1750
846	1774
847	1246
849	1024
849	1423
849	1748
849	1878
849	1964
851	935
852	1556
853	853
853	1537
854	980
854	1252
854	1581
854	1889
855	1225
855	1848
856	1002
856	1922
858	2015
859	1400
859	1639
859	1833
859	1866
861	1497
862	862
862	1304
862	1356
862	1569
862	1637
862	1943
863	863
863	889
863	1324
863	1765
863	1787
863	1793
863	1883
867	1497
868	876
869	1681
869	1682
870	1079
870	1150
870	1567
870	1817
870	1892
871	1056
871	1400
871	1833
871	1944
872	1281
872	1383
872	1582
873	1356
873	1572
873	1637
874	1205
875	1441
876	876
876	1356
876	1510
876	1614
876	1637
876	1668
876	1718
876	1888
877	1194
877	1959
879	1407
880	1032
881	1892
882	1431
883	1510
884	1788
885	1855
886	1814
887	1857
888	946
889	1337
889	1552
890	1760
891	891
891	1447
891	1637
892	1017
892	1125
893	1909
897	1990
898	1079
900	1125
902	1412
902	1875
902	1982
903	1994
904	904
904	1105
904	1888
905	1618
905	1930
906	906
907	1501
908	1883
910	1728
911	1017
912	1106
912	2011
913	1208
913	1854
914	1592
916	1121
917	917
917	957
917	1356
917	1466
917	1888
918	918
918	1356
918	1637
919	919
919	1025
919	1186
919	1273
919	1356
919	1447
919	1569
919	1627
919	1637
919	1647
919	1726
919	1904
919	1927
920	992
920	1047
920	1078
920	1086
920	1296
920	1400
920	1604
920	1606
920	1711
920	1769
921	1329
921	1815
922	1883
923	991
924	1017
924	1892
925	1686
925	2015
926	926
926	1091
926	1564
926	1888
926	1919
927	1125
929	1506
931	931
932	1017
934	1094
935	1137
935	1414
935	1530
935	1767
936	998
937	980
937	989
937	1889
938	1413
938	1901
939	1021
939	1400
939	1446
939	1590
940	1181
942	1259
942	1683
945	945
946	956
946	1475
946	1929
947	1571
948	1306
948	1880
949	1400
952	1017
952	1892
954	1637
955	1744
956	1785
958	1535
960	1872
961	1969
962	962
962	1075
962	1202
962	1911
962	1928
963	1017
964	1805
965	1140
965	1453
966	1321
966	1878
968	1927
970	1153
971	1056
971	1125
971	1366
972	1872
973	973
973	1356
973	1671
974	1399
975	1400
977	1400
978	1023
979	1400
980	1324
981	1209
982	1618
983	983
983	1192
983	1400
983	1496
983	1593
983	1885
984	1883
985	1631
986	1176
986	1186
986	1339
986	1514
986	1742
986	2011
988	1612
989	989
989	1025
989	1878
990	1017
992	1366
992	1367
992	1383
993	1400
993	1724
993	1804
993	1919
993	1946
995	1302
996	1056
996	1400
997	1249
997	1342
997	1400
997	1582
997	1651
997	1673
1000	1915
1005	1375
1006	1631
1007	1400
1010	1034
1011	1011
1012	1057
1012	1348
1012	1443
1012	1613
1012	1646
1012	1660
1012	1692
1012	1740
1012	1884
1012	2001
1012	2008
1013	1793
1014	1014
1014	1356
1015	1015
1016	1330
1016	1375
1017	1017
1017	1051
1017	1057
1017	1079
1017	1093
1017	1118
1017	1120
1017	1135
1017	1150
1017	1251
1017	1348
1017	1437
1017	1443
1017	1471
1017	1613
1017	1644
1017	1646
1017	1660
1017	1692
1017	1708
1017	1711
1017	1740
1017	1845
1017	1884
1017	1987
1017	2001
1019	1386
1020	1467
1021	1154
1022	1653
1022	1758
1023	1023
1023	1115
1023	1473
1023	1586
1023	1710
1023	1835
1023	1987
1023	2008
1024	1400
1024	1510
1024	1833
1024	1866
1025	1645
1025	1653
1025	1738
1026	2009
1027	1400
1028	1522
1029	1035
1030	1744
1031	1192
1031	1400
1033	1516
1033	1522
1034	1034
1034	1042
1034	1056
1034	1359
1034	1400
1034	1459
1034	1651
1035	1400
1035	1488
1036	1691
1037	1691
1038	1038
1039	1396
1040	1435
1044	1872
1045	1853
1049	1289
1049	1293
1049	1386
1049	1460
1050	1855
1051	1431
1051	1892
1051	1972
1052	1894
1053	1384
1053	1865
1054	1498
1054	1726
1055	1401
1055	1582
1056	1089
1056	1104
1056	1208
1056	1249
1056	1356
1058	1058
1059	1406
1059	1863
1060	1597
1061	1497
1062	1431
1064	1064
1064	1342
1065	1902
1066	1744
1067	1346
1068	1458
1068	1501
1068	1641
1071	1375
1076	1672
1079	1892
1080	1785
1080	1919
1081	1536
1081	1788
1082	1473
1082	1974
1083	1228
1083	1519
1083	1819
1084	1084
1084	1356
1084	1447
1084	1637
1085	1744
1088	1088
1088	1136
1088	1356
1088	1447
1088	1637
1088	1888
1089	1400
1089	1883
1089	2007
1092	1442
1094	1094
1094	1356
1094	1637
1095	1381
1095	1705
1096	1892
1097	1386
1097	1637
1098	1406
1099	1394
1099	1574
1100	1100
1101	1653
1102	1477
1102	1782
1103	1741
1104	1510
1109	1410
1110	1491
1111	1926
1112	1112
1112	1637
1113	1113
1113	1356
1115	1669
1117	1307
1117	1337
1117	1825
1119	1357
1119	1572
1119	1808
1120	1892
1121	1253
1122	1359
1124	1814
1125	1148
1125	1182
1125	1189
1125	1226
1125	1285
1125	1309
1125	1389
1125	1398
1125	1424
1125	1495
1125	1699
1125	1754
1125	1827
1125	1843
1125	1914
1126	1604
1126	1984
1127	1519
1128	1604
1129	1400
1130	1397
1130	1462
1130	1500
1130	1870
1130	1886
1131	1131
1135	1892
1138	1782
1141	1637
1142	1488
1143	1962
1144	1162
1145	1412
1146	1637
1147	1671
1148	1400
1148	1512
1148	1767
1150	1567
1152	1653
1154	1441
1155	1735
1156	1201
1156	1745
1156	1866
1157	1823
1158	1242
1159	1356
1160	1232
1162	1976
1163	1163
1163	1447
1164	1767
1168	1355
1169	1400
1170	1239
1170	1500
1172	1810
1173	1601
1173	1617
1174	1892
1175	1175
1175	1376
1175	1447
1175	1637
1176	1488
1177	1177
1179	1686
1179	1913
1180	1400
1181	1603
1183	1768
1184	1903
1186	1186
1186	1356
1186	1385
1186	1447
1186	1540
1186	1612
1186	1637
1186	1726
1186	1748
1186	1792
1186	1964
1187	1355
1190	1310
1190	1941
1192	1192
1192	1572
1192	1583
1192	1637
1192	1955
1193	1956
1194	1441
1194	1735
1194	1945
1194	1959
1195	1195
1195	1200
1195	1526
1195	1538
1195	1551
1195	1598
1195	1642
1195	1720
1195	1872
1196	1488
1196	1634
1198	1888
1204	1441
1206	1610
1207	1908
1208	1400
1208	1854
1208	1883
1210	1787
1211	1676
1212	1628
1214	1431
1216	1216
1220	1554
1220	1861
1221	1401
1221	1659
1224	1224
1224	1356
1224	1403
1224	1556
1224	1557
1225	1225
1225	1304
1225	1356
1225	1401
1225	1569
1225	1582
1225	1651
1225	1718
1225	1748
1226	1400
1227	1227
1228	1228
1228	1519
1228	1600
1228	1720
1228	1760
1229	1620
1230	1902
1234	1872
1235	1370
1235	1784
1236	1963
1237	1425
1239	1400
1240	1578
1245	1245
1246	1284
1248	1747
1249	1249
1249	1356
1250	1766
1251	1431
1257	1469
1258	1304
1258	1997
1260	1431
1262	1400
1262	1564
1262	1705
1263	1263
1263	1356
1264	1264
1265	1747
1268	1268
1268	1356
1269	1269
1271	1952
1272	1766
1273	1910
1275	1275
1275	1523
1275	1829
1275	2007
1276	1592
1278	1514
1282	1915
1287	1287
1289	1314
1289	1987
1290	1290
1291	1400
1291	1964
1293	1714
1293	1911
1293	1964
1294	1504
1295	1295
1300	1483
1301	1930
1303	1355
1303	1482
1304	1400
1304	1666
1305	1877
1306	1970
1313	1959
1315	1618
1317	1317
1318	2007
1319	1743
1323	1456
1323	1490
1324	1441
1324	1737
1325	1476
1326	1637
1327	1411
1328	1619
1329	1386
1329	1615
1331	1872
1332	1697
1333	1416
1333	1822
1334	1833
1336	1986
1337	1824
1338	1691
1339	1339
1339	1356
1339	1637
1339	1668
1339	1737
1339	1888
1340	1828
1341	1375
1342	1342
1342	1356
1342	1878
1343	1590
1343	1861
1345	1750
1348	1892
1350	1695
1351	2012
1353	1806
1355	1524
1355	1860
1356	1356
1356	1366
1356	1384
1356	1386
1356	1400
1356	1406
1356	1439
1356	1460
1356	1463
1356	1474
1356	1483
1356	1506
1356	1585
1356	1592
1356	1651
1356	1670
1356	1673
1356	1678
1356	1686
1356	1727
1356	1742
1356	1747
1356	1765
1356	1776
1356	1782
1356	1809
1356	1821
1356	1833
1356	1866
1356	1883
1356	1887
1356	1888
1356	1890
1356	1901
1356	1967
1356	1982
1357	1569
1357	1798
1357	1902
1358	1853
1359	1716
1361	1637
1362	1767
1362	1855
1363	1728
1364	1982
1366	1375
1366	1698
1366	1888
1369	1369
1369	1522
1369	1958
1370	1370
1370	1407
1370	1447
1370	1637
1371	1837
1372	1872
1375	1375
1376	1384
1376	1901
1379	1379
1383	1527
1384	1384
1384	1447
1384	1637
1385	1401
1385	1804
1386	1386
1386	1455
1386	1590
1386	1949
1387	1651
1392	1545
1393	1757
1394	1838
1395	1896
1397	1500
1397	1870
1400	1400
1400	1401
1400	1408
1400	1438
1400	1440
1400	1446
1400	1447
1400	1492
1400	1514
1400	1539
1400	1636
1400	1668
1400	1714
1400	1785
1400	1796
1400	1818
1400	1854
1400	1889
1400	1914
1400	1918
1400	1949
1401	1574
1401	1796
1403	1403
1403	1444
1404	1593
1406	1406
1406	1624
1406	1797
1409	1659
1412	1759
1412	1767
1412	1851
1415	1643
1417	1435
1420	1488
1421	1421
1421	1777
1424	1459
1424	1500
1430	1430
1430	1637
1430	1778
1431	1431
1431	1646
1431	1835
1431	1987
1432	1522
1435	1435
1435	1888
1436	1604
1439	1439
1439	1637
1439	1888
1440	1639
1441	1474
1441	1542
1441	1684
1441	1723
1441	1749
1441	1811
1441	1855
1441	1857
1441	1861
1441	1882
1443	1892
1445	1593
1447	1592
1447	1755
1447	1833
1447	1883
1447	1898
1449	1590
1450	1779
1451	1784
1452	1452
1457	1877
1460	1509
1463	1463
1466	1498
1466	1660
1470	1470
1471	1522
1473	1809
1473	2008
1474	1474
1477	1477
1477	1782
1479	1701
1483	1626
1485	1574
1488	1600
1488	1750
1488	1783
1488	1836
1489	1662
1489	1787
1496	1593
1497	1736
1498	1674
1498	1876
1500	1870
1500	1886
1501	1987
1502	1502
1506	1507
1506	1678
1506	1679
1506	1888
1507	1507
1507	1577
1507	1678
1507	1679
1508	1645
1510	1510
1512	1714
1513	1519
1515	1922
1516	1522
1517	1899
1519	1600
1519	1720
1521	1895
1522	1522
1524	1524
1524	1911
1528	1528
1529	1628
1530	1982
1533	1977
1543	1583
1544	1637
1546	1853
1548	1709
1549	1789
1550	1637
1556	1628
1561	1767
1562	1666
1563	1727
1564	1724
1564	1919
1564	1975
1567	1892
1568	1568
1569	1808
1569	1866
1569	1890
1570	1593
1570	1656
1570	1833
1572	1639
1572	1651
1572	1866
1572	1992
1574	1996
1576	1735
1577	1577
1577	1678
1577	1868
1577	1951
1579	1999
1582	1582
1585	1606
1585	1878
1587	1596
1587	1605
1587	1608
1588	1792
1589	1589
1590	1685
1590	1841
1591	1754
1592	1592
1592	1637
1592	1660
1592	1674
1592	1888
1593	1885
1594	2011
1596	1608
1600	1725
1601	1724
1601	1742
1601	1804
1601	2015
1603	1632
1603	1668
1603	1855
1603	1938
1604	1849
1605	1861
1606	1766
1607	1890
1609	1992
1610	1610
1610	1780
1613	1613
1614	1986
1616	1750
1618	1618
1622	1883
1622	1979
1622	1990
1628	1855
1630	1630
1637	1677
1637	1719
1637	1726
1637	1755
1637	1776
1637	1795
1637	1819
1637	1833
1637	1866
1637	1883
1637	1890
1637	1898
1637	1933
1637	1967
1637	2017
1639	1963
1640	1767
1640	1855
1640	1988
1645	1645
1646	1892
1649	1790
1650	1650
1651	1651
1651	1714
1651	1888
1653	1855
1655	1947
1657	1657
1657	1902
1658	1924
1660	1958
1663	1663
1664	1735
1666	1833
1668	1701
1668	1776
1668	1833
1669	1731
1673	1673
1673	1841
1675	1726
1677	1677
1678	1678
1678	1679
1680	1913
1684	1804
1686	1686
1686	1878
1688	1990
1693	1842
1694	1961
1695	1805
1702	1702
1704	1705
1707	1878
1708	1892
1714	1726
1714	1833
1714	1888
1714	1982
1726	1784
1726	1854
1726	1891
1726	1907
1733	2012
1734	1876
1737	1753
1740	1852
1745	1804
1746	1830
1747	1747
1750	1802
1750	1929
1753	1753
1755	1755
1761	1803
1762	1912
1764	1770
1764	1840
1767	1839
1767	1856
1767	1980
1772	1791
1776	1776
1776	1798
1780	1780
1782	1782
1787	1793
1789	1789
1789	1978
1795	1795
1795	1888
1797	2012
1798	1808
1798	1890
1800	1800
1801	1982
1808	1902
1809	1809
1812	1812
1818	1890
1819	1819
1819	1820
1819	1832
1828	1828
1829	2007
1833	1833
1834	2013
1847	1998
1850	1982
1855	1963
1861	2009
1866	1866
1866	1878
1871	1968
1872	1916
1878	1883
1878	1935
1883	1883
1883	1888
1883	1952
1883	1974
1888	1888
1888	1890
1888	2017
1890	1890
1890	1902
1892	1892
1892	1960
1892	2001
1898	1898
1901	1901
1902	2003
1921	1972
1925	1925
1933	1933
1951	1951
1963	1971
1967	1967
1972	1972
1982	2016
1989	1989
2000	2000
2017	2017